0.21989448368549347
0.25190985202789307
0.2051451951265335
0.21641841530799866
0.24181106686592102
0.23892371356487274
0.24322308599948883
0.2678700089454651
0.21895474195480347
0.20711076259613037
0.19796739518642426
0.23159518837928772
0.24190875887870789
0.23909084498882294
0.20693381130695343
0.23655389249324799
0.2314033955335617
0.23882758617401123
0.23772205412387848
0.24888542294502258
0.22282595932483673
0.21835952997207642
0.23798124492168427
0.21653801202774048
0.20982106029987335
0.23462316393852234
0.24159006774425507
0.2258094996213913
0.21677647531032562
0.25973188877105713
0.21124501526355743
0.24058134853839874
0.23237040638923645
0.25414758920669556
0.21127724647521973
0.2016851305961609
0.23986348509788513
0.25164932012557983
0.23228512704372406
0.21457801759243011
0.2562290132045746
0.21035565435886383
0.226711705327034
0.22927694022655487
0.23620137572288513
0.19609907269477844
0.2233867347240448
0.24064697325229645
0.1897093802690506
0.24341410398483276
0.22491374611854553
0.22261545062065125
0.20999984443187714
0.24121509492397308
0.2496698498725891
0.22911153733730316
0.23656503856182098
0.2207980453968048
0.23219500482082367
0.21937282383441925
0.22030925750732422
0.22786101698875427
0.23363202810287476
0.21502593159675598
0.26221606135368347
0.2303759753704071
0.24035245180130005
0.21423476934432983
0.23410241305828094
0.2373064160346985
0.18526561558246613
0.2223147302865982
0.21700355410575867
0.2365991473197937
0.21158753335475922
0.23029106855392456
0.230486661195755
0.19963407516479492
0.2310248762369156
0.21533477306365967
0.2378706932067871
0.22422519326210022
0.20467156171798706
0.25951048731803894
0.24547633528709412
0.225468710064888
0.2538832724094391
0.21379397809505463
0.19882827997207642
0.2350616753101349
0.23645839095115662
0.2013128250837326
0.2080419808626175
0.221816286444664
0.20878539979457855
0.2281457483768463
0.21761509776115417
0.23279401659965515
0.2080468386411667
0.2563081681728363
0.24212603271007538
0.2227889597415924
0.21057139337062836
0.23856323957443237
0.2369227111339569
0.21709170937538147
0.22200873494148254
0.23514409363269806
0.21455547213554382
0.21962669491767883
0.19819682836532593
0.2056041657924652
0.23882240056991577
0.21720647811889648
0.21632994711399078
0.20652730762958527
0.20963972806930542
0.22276313602924347
0.22755175828933716
0.20376461744308472
0.2009962946176529
0.23883257806301117
0.23574526607990265
0.22677169740200043
0.22635963559150696
0.21489082276821136
0.2276250272989273
0.23606345057487488
0.20621953904628754
0.23440347611904144
0.23002801835536957
0.23047992587089539
0.22470232844352722
0.22017936408519745
0.24168014526367188
0.23705509305000305
0.22327780723571777
0.22114308178424835
0.23678649961948395
0.23481087386608124
0.2321985960006714
0.21039223670959473
0.22480088472366333
0.2380835860967636
0.22472283244132996
0.22751453518867493
0.23976974189281464
0.2188113033771515
0.225440114736557
0.2040082812309265
0.22499710321426392
0.24623620510101318
0.24237404763698578
0.23327286541461945
0.23090632259845734
0.2203010469675064
0.193296879529953
0.23735687136650085
0.22637823224067688
0.22963568568229675
0.2289121448993683
0.2318163961172104
0.21256203949451447
0.2514111399650574
0.23664073646068573
0.21579024195671082
0.19253788888454437
0.21652419865131378
0.1868632286787033
0.2106694132089615
0.2305036038160324
0.21094514429569244
0.22378309071063995
0.23306870460510254
0.21500550210475922
0.22392702102661133
0.22761958837509155
0.22476094961166382
0.22171886265277863
0.23595429956912994
0.22198441624641418
0.22866767644882202
0.2390752136707306
0.21681371331214905
0.21891281008720398
0.23110909759998322
0.24032527208328247
0.23500674962997437
0.25256258249282837
0.21370582282543182
0.2276340276002884
0.2297164350748062
0.22795669734477997
0.20873093605041504
0.2272714227437973
0.21929039061069489
0.21968261897563934
0.2273971289396286
0.20735755562782288
0.22932404279708862
0.21311646699905396
0.2091551125049591
0.23372800648212433
0.2031177282333374
0.21170245110988617
0.21844275295734406
0.2239702194929123
0.24474595487117767
0.19847862422466278
0.24811114370822906
0.2345874011516571
0.219553604722023
0.24188177287578583
0.2238578349351883
0.20589447021484375
0.21550875902175903
0.19447585940361023
0.2205030769109726
0.23499852418899536
0.2088048905134201
0.21534785628318787
0.20650005340576172
0.237342968583107
0.22927968204021454
0.2073144167661667
0.20583269000053406
0.20779046416282654
0.2454536408185959
0.21248683333396912
0.20818009972572327
0.250799298286438
0.23843112587928772
0.20920047163963318
0.2337498813867569
0.2209666222333908
0.21949757635593414
0.21832118928432465
0.22572723031044006
0.22991956770420074
0.21116913855075836
0.23947608470916748
0.20671574771404266
0.22068960964679718
0.22138167917728424
0.22392764687538147
0.2235315591096878
0.23939447104930878
0.23777036368846893
0.20679406821727753
0.2374112904071808
0.2231084555387497
0.20867705345153809
0.25246113538742065
0.21687105298042297
0.22449447214603424
0.21335655450820923
0.23720531165599823
0.19756221771240234
0.21878953278064728
0.2384781390428543
0.22189155220985413
0.20518633723258972
0.2274302989244461
0.22824692726135254
0.1996108442544937
0.20781634747982025
0.22936242818832397
0.2280615121126175
0.21412672102451324
0.21069711446762085
0.23254118859767914
0.21256934106349945
0.1997290551662445
0.20590552687644958
0.23089337348937988
0.21619588136672974
0.22324779629707336
0.22934889793395996
0.2195746898651123
0.2222147136926651
0.24381019175052643
0.2199968546628952
0.21298375725746155
0.22404706478118896
0.21739111840724945
0.24050559103488922
0.27062132954597473
0.2164195030927658
0.2417462170124054
0.22183172404766083
0.23447401821613312
0.23067457973957062
0.23465123772621155
0.2221267968416214
0.20841778814792633
0.2211359739303589
0.22892245650291443
0.2237335741519928
0.23290316760540009
0.21463000774383545
0.24979951977729797
0.2050071507692337
0.2085847407579422
0.2352309226989746
0.1991666704416275
0.21895575523376465
0.2599179446697235
0.21275481581687927
0.22744876146316528
0.240164652466774
0.21092288196086884
0.21051688492298126
0.20797020196914673
0.20577526092529297
0.2407299131155014
0.22767417132854462
0.20179393887519836
0.23397284746170044
0.21019485592842102
0.20772607624530792
0.1848137229681015
0.22389967739582062
0.1958494931459427
0.23517802357673645
0.20980095863342285
0.2397635579109192
0.19712164998054504
0.2235039621591568
0.22033214569091797
0.24508091807365417
0.22555473446846008
0.24994198977947235
0.22878573834896088
0.22648125886917114
0.23027144372463226
0.23383039236068726
0.2402760088443756
0.21417289972305298
0.19628356397151947
0.2308402955532074
0.2265012264251709
0.24432747066020966
0.2193208634853363
0.23876696825027466
0.23703385889530182
0.23097313940525055
0.20915643870830536
0.22158236801624298
0.2265012562274933
0.2314549833536148
0.21140077710151672
0.24778403341770172
0.21245326101779938
0.24279437959194183
0.22746337950229645
0.229657381772995
0.23009103536605835
0.20617608726024628
0.21462060511112213
0.21536366641521454
0.20927074551582336
0.21142184734344482
0.2243994027376175
0.21559542417526245
0.23124907910823822
0.2440619170665741
0.21947133541107178
0.21860677003860474
0.24575898051261902
0.22370906174182892
0.21358506381511688
0.2419091910123825
0.2474808394908905
0.24233385920524597
0.2284964919090271
0.22118687629699707
0.230592280626297
0.2121732532978058
0.2216358482837677
0.2345666140317917
0.24346107244491577
0.24631251394748688
0.23879653215408325
0.23260542750358582
0.23087048530578613
0.2197502702474594
0.22096185386180878
0.2273855358362198
0.2457113415002823
0.2512601613998413
0.2273550182580948
0.24641536176204681
0.20256230235099792
0.2358401119709015
0.24617286026477814
0.22062629461288452
0.22759827971458435
0.22967971861362457
0.25222355127334595
0.24830476939678192
0.2306128889322281
0.23201318085193634
0.21919602155685425
0.20820921659469604
0.20318803191184998
0.21737203001976013
0.1953062266111374
0.20744101703166962
0.24057656526565552
0.22683942317962646
0.24535563588142395
0.2394716441631317
0.2166348546743393
0.23474764823913574
0.21010804176330566
0.26235902309417725
0.2167225480079651
0.23794960975646973
0.24437610805034637
0.20850074291229248
0.2364972084760666
0.20911672711372375
0.2237197756767273
0.204573854804039
0.23106582462787628
0.23943594098091125
0.2281883955001831
0.21095959842205048
0.23051856458187103
0.22627423703670502
0.23741115629673004
0.20666912198066711
0.24687835574150085
0.2362949252128601
0.23162497580051422
0.20854075253009796
0.2331429421901703
0.2531508207321167
0.21289508044719696
0.22463835775852203
0.22692912817001343
0.22609888017177582
0.23269237577915192
0.21108120679855347
0.20286963880062103
0.22073960304260254
0.2132159173488617
0.20884722471237183
0.256690114736557
0.20658203959465027
0.20407432317733765
0.20936602354049683
0.24306432902812958
0.21910738945007324
0.2626098096370697
0.2093888819217682
0.2190849632024765
0.2201676070690155
0.228484109044075
0.2331092357635498
0.23048536479473114
0.21931041777133942
0.2084326297044754
0.20157578587532043
0.22771598398685455
0.2247493863105774
0.21761420369148254
0.20516574382781982
0.20371924340724945
0.18035773932933807
0.21527713537216187
0.22900453209877014
0.2089512050151825
0.21301500499248505
0.24401375651359558
0.21152859926223755
0.21235744655132294
0.22529304027557373
0.24253104627132416
0.229962557554245
0.2131800800561905
0.2455102801322937
0.21080231666564941
0.23830927908420563
0.21303394436836243
0.24149785935878754
0.22524291276931763
0.22276274859905243
0.24598118662834167
0.22408945858478546
0.22702819108963013
0.21574459969997406
0.2061496078968048
0.23104503750801086
0.2134230136871338
0.21744036674499512
0.23620666563510895
0.17963357269763947
0.21296122670173645
0.23639674484729767
0.23031698167324066
0.22407031059265137
0.2170242965221405
0.21881090104579926
0.24844983220100403
0.24416784942150116
0.24139589071273804
0.23528160154819489
0.20575621724128723
0.22651256620883942
0.2149423360824585
0.2173732966184616
0.22707295417785645
0.20378971099853516
0.23659346997737885
0.2117379903793335
0.2548925280570984
0.23262815177440643
0.22033149003982544
0.2598746716976166
0.22209323942661285
0.2156984657049179
0.20608241856098175
0.20847810804843903
0.21685534715652466
0.2125067114830017
0.22941863536834717
0.21646612882614136
0.24061939120292664
0.22207723557949066
0.20181550085544586
0.21047523617744446
0.2182251513004303
0.24157051742076874
0.25245121121406555
0.20890776813030243
0.22801196575164795
0.20140491425991058
0.2587999105453491
0.2619786858558655
0.23001551628112793
0.24721840023994446
0.221888467669487
0.22470109164714813
0.2410152703523636
0.21939311921596527
0.21667762100696564
0.22190158069133759
0.20204782485961914
0.23347292840480804
0.2488803267478943
0.23291699588298798
0.2041381448507309
0.2212439328432083
0.2013157457113266
0.20163805782794952
0.23134984076023102
0.23846925795078278
0.2112465798854828
0.24382556974887848
0.23617355525493622
0.22837214171886444
0.21550151705741882
0.24268200993537903
0.19589057564735413
0.22045409679412842
0.24413545429706573
0.1957242786884308
0.22624081373214722
0.2330516129732132
0.22853314876556396
0.2415735125541687
0.23324042558670044
0.2075710892677307
0.23793919384479523
0.23771996796131134
0.22104620933532715
0.24493350088596344
0.24010619521141052
0.24192333221435547
0.2311774343252182
0.2169090062379837
0.23727433383464813
0.21006399393081665
0.19822967052459717
0.19532476365566254
0.21606317162513733
0.2595139145851135
0.22454769909381866
0.22163549065589905
0.2165655791759491
0.21816787123680115
0.2557394504547119
0.24772025644779205
0.23178105056285858
0.21760642528533936
0.21487900614738464
0.21384532749652863
0.21935689449310303
0.171009361743927
0.23124119639396667
0.21906818449497223
0.22825740277767181
0.21482650935649872
0.21641746163368225
0.21757617592811584
0.21663890779018402
0.23257003724575043
0.1993073672056198
0.22329309582710266
0.23294445872306824
0.20306754112243652
0.22205130755901337
0.23629193007946014
0.22382886707782745
0.23192927241325378
0.18971212208271027
0.2407625913619995
0.22707580029964447
0.23399871587753296
0.20885364711284637
0.1936700940132141
0.23342065513134003
0.2517464756965637
0.22568321228027344
0.23348619043827057
0.21172355115413666
0.24710337817668915
0.2264152616262436
0.2431727945804596
0.22224654257297516
0.2228827178478241
0.22875739634037018
0.23217007517814636
0.21832887828350067
0.24666377902030945
0.2406192123889923
0.21799932420253754
0.21807725727558136
0.2217535525560379
0.214946448802948
0.20486558973789215
0.23554886877536774
0.2160247415304184
0.19223549962043762
0.21537619829177856
0.2092495560646057
0.2402288019657135
0.19831307232379913
0.23788638412952423
0.23541998863220215
0.21922151744365692
0.23394885659217834
0.23007123172283173
0.21597498655319214
0.21349865198135376
0.20276208221912384
0.22916476428508759
0.22512319684028625
0.20635747909545898
0.2533189654350281
0.21345561742782593
0.21837343275547028
0.22307388484477997
0.22620142996311188
0.2120763212442398
0.22119978070259094
0.2305338829755783
0.23137103021144867
0.217493936419487
0.24034684896469116
0.24163076281547546
0.21053558588027954
0.21862809360027313
0.2341890037059784
0.22358250617980957
0.22054044902324677
0.25430747866630554
0.20736247301101685
0.22132399678230286
0.20127445459365845
0.22436115145683289
0.2266816645860672
0.21282143890857697
0.25412699580192566
0.2105247974395752
0.2347821146249771
0.2141546607017517
0.22927802801132202
0.21590112149715424
0.2316667139530182
0.23532883822917938
0.20908010005950928
0.2357022762298584
0.24051493406295776
0.22154079377651215
0.2191978394985199
0.21599046885967255
0.2314966470003128
0.25651881098747253
0.24727828800678253
0.21498674154281616
0.22976742684841156
0.21473656594753265
0.1931353658437729
0.21808259189128876
0.21996815502643585
0.23569369316101074
0.2292536497116089
0.2396940141916275
0.2349085956811905
0.24292266368865967
0.22330667078495026
0.18967685103416443
0.23248665034770966
0.2187013030052185
0.2302510142326355
0.25582262873649597
0.20963242650032043
0.2350943684577942
0.23045676946640015
0.23723366856575012
0.22426706552505493
0.2493741512298584
0.24226658046245575
0.22543521225452423
0.24378594756126404
0.23336057364940643
0.24262095987796783
0.2258518785238266
0.19114525616168976
0.23873156309127808
0.1928284466266632
0.2237800806760788
0.23074519634246826
0.22623008489608765
0.2122659683227539
0.2156599760055542
0.21770446002483368
0.25128746032714844
0.23593801259994507
0.24839982390403748
0.24433442950248718
0.20337583124637604
0.23493432998657227
0.24027541279792786
0.2376692295074463
0.222735196352005
0.22223345935344696
0.2040647268295288
0.22050173580646515
0.23072560131549835
0.2453334629535675
0.1958036720752716
0.24783317744731903
0.21869653463363647
0.24497370421886444
0.23958328366279602
0.2244279980659485
0.22469714283943176
0.19894367456436157
0.2145097553730011
0.21032364666461945
0.2273866981267929
0.22838933765888214
0.21341711282730103
0.21421697735786438
0.22318097949028015
0.2539369761943817
0.2198694497346878
0.23114636540412903
0.23972061276435852
0.22100816667079926
0.2238638699054718
0.23986320197582245
0.2396288812160492
0.22536145150661469
0.2189919650554657
0.21222557127475739
0.23401008546352386
0.20939895510673523
0.23981407284736633
0.22220751643180847
0.24526561796665192
0.23888282477855682
0.2191859930753708
0.23030820488929749
0.22292637825012207
0.2186136245727539
0.200006902217865
0.2235967516899109
0.23440875113010406
0.21708276867866516
0.23060473799705505
0.22374320030212402
0.23354572057724
0.21584512293338776
0.19954299926757812
0.24032126367092133
0.25326040387153625
0.2181302011013031
0.2498171627521515
0.24045999348163605
0.23925796151161194
0.20023313164710999
0.2335185706615448
0.203333780169487
0.20728090405464172
0.2342490702867508
0.21044480800628662
0.19653207063674927
0.22353161871433258
0.21483741700649261
0.23648318648338318
0.24254468083381653
0.22454994916915894
0.2442326843738556
0.20419412851333618
0.2145528346300125
0.22142066061496735
0.2142753154039383
0.2258872389793396
0.23143497109413147
0.22729121148586273
0.2049204558134079
0.23174871504306793
0.22366291284561157
0.2328818142414093
0.235948383808136
0.23190446197986603
0.23944160342216492
0.23778195679187775
0.23607957363128662
0.21425014734268188
0.23573149740695953
0.24890002608299255
0.22352895140647888
0.2228948026895523
0.20691432058811188
0.21352370083332062
0.21464531123638153
0.2074236422777176
0.2387860268354416
0.23143082857131958
0.2295835316181183
0.24097976088523865
0.23976224660873413
0.2380593866109848
0.23883868753910065
0.22451281547546387
0.20575134456157684
0.22515641152858734
0.2310858815908432
0.20787854492664337
0.21860083937644958
0.2290239781141281
0.223091259598732
0.23314593732357025
0.21448500454425812
0.22944776713848114
0.23261530697345734
0.25367552042007446
0.22861610352993011
0.22099314630031586
0.22900331020355225
0.23222285509109497
0.2185966819524765
0.21810771524906158
0.23127558827400208
0.21400529146194458
0.22716397047042847
0.20838478207588196
0.19794075191020966
0.22395823895931244
0.20910918712615967
0.22552868723869324
0.21702399849891663
0.2187993973493576
0.21550673246383667
0.19526062905788422
0.21885088086128235
0.2285972535610199
0.227569580078125
0.23752182722091675
0.21409587562084198
0.21351541578769684
0.2115534394979477
0.2125413715839386
0.24460580945014954
0.2178327888250351
0.23291900753974915
0.21056674420833588
0.2285691797733307
0.23988750576972961
0.2060462087392807
0.21661949157714844
0.20142044126987457
0.250308632850647
0.23410724103450775
0.18790623545646667
0.22595936059951782
0.22407492995262146
0.23758536577224731
0.2417631298303604
0.2009655088186264
0.23959991335868835
0.21632899343967438
0.2120751291513443
0.22859446704387665
0.22907567024230957
0.22973620891571045
0.23628537356853485
0.21884168684482574
0.2187633067369461
0.1959322690963745
0.22241343557834625
0.24898307025432587
0.21051424741744995
0.2284548580646515
0.20884163677692413
0.21794967353343964
0.23341187834739685
0.2176951766014099
0.250270277261734
0.21396464109420776
0.21625719964504242
0.19591177999973297
0.23526427149772644
0.2204420417547226
0.23098333179950714
0.22220833599567413
0.21343544125556946
0.2369823455810547
0.21177294850349426
0.2217164784669876
0.20989251136779785
0.24691300094127655
0.21179215610027313
0.24876278638839722
0.2292008101940155
0.22773131728172302
0.2039281576871872
0.20806926488876343
0.22789178788661957
0.2115027904510498
0.2188287079334259
0.208685964345932
0.19560779631137848
0.20562396943569183
0.22447940707206726
0.2246813178062439
0.21928055584430695
0.2338518500328064
0.23805934190750122
0.21799039840698242
0.21295733749866486
0.21271991729736328
0.24583236873149872
0.2470647245645523
0.21403998136520386
0.214496448636055
0.23120053112506866
0.21851958334445953
0.22754311561584473
0.2403213381767273
0.23078422248363495
0.24276702105998993
0.2585548460483551
0.2194882333278656
0.2302950769662857
0.23987124860286713
0.21068385243415833
0.222005233168602
0.21975061297416687
0.006413744762539864
0.0015679296338930726
0.002064915606752038
0.00044174562208354473
0.0006204255041666329
0.004018398933112621
0.005635408218950033
0.005625229328870773
0.004267488140612841
0.002930284710600972
0.0020130821503698826
0.0014381898799911141
0.004642362706363201
0.0013616032665595412
0.0038140721153467894
0.0020622871816158295
0.011634213849902153
0.004617628641426563
0.005893731955438852
0.006999717094004154
0.009169593453407288
0.000903694482985884
0.007211519870907068
0.0064702825620770454
0.0019943593069911003
0.006879892665892839
0.0008687436347827315
0.008475007489323616
0.004459795076400042
0.003769719274714589
0.0006048898212611675
0.004773666150867939
0.0036853118799626827
0.0018940346781164408
0.009532821364700794
0.002784654963761568
0.005944584496319294
0.007373955566436052
0.002087394939735532
0.0015687565319240093
0.005242474377155304
0.007690263446420431
0.0037451006937772036
0.0009410472703166306
0.00987273920327425
0.002724349731579423
0.008362351916730404
0.0016971203731372952
0.00146642723120749
0.00501302070915699
0.001130787655711174
0.00411562155932188
0.0009767644805833697
0.0031539106275886297
0.009269784204661846
0.0037093674764037132
0.0014892183244228363
0.006293365731835365
0.004541752859950066
0.0015331850154325366
0.001334085245616734
0.001209366717375815
0.0006497239228338003
0.0035580566618591547
0.0025870695244520903
0.002978350967168808
0.0025642584078013897
0.009492320008575916
0.0031069156248122454
0.0037420117296278477
0.002651004819199443
0.004138106480240822
0.003306437749415636
0.0007544782711192966
0.00803894829005003
0.0033924400340765715
0.0020209599751979113
0.0021370684262365103
0.004635746590793133
0.004739885684102774
0.00750924414023757
0.007241194136440754
0.00240796129219234
0.0010004277573898435
0.0017250677337870002
0.00411224877461791
0.003256807569414377
0.00474926084280014
0.0010709513444453478
0.0027810914907604456
0.006145017221570015
0.003444141009822488
0.008469381369650364
0.0023925025016069412
0.0018086845520883799
0.005970709025859833
0.004746575839817524
0.0016744176391512156
0.009804382920265198
0.007453674450516701
0.004358181729912758
0.00625725369900465
0.0016469990368932486
0.002795108826830983
0.0033239370677620173
0.0019173144828528166
0.000473011372378096
0.0034770609345287085
0.0017689504893496633
0.0005896433140151203
0.0005211237585172057
0.0014508814783766866
0.004132166039198637
0.0020416139159351587
0.004437203984707594
0.0007181863184086978
0.004117786884307861
0.0006005513714626431
0.0017022114479914308
0.003808672307059169
0.0012814508518204093
0.004184061195701361
0.000495032174512744
0.0014460482634603977
0.0020270932000130415
0.002726052887737751
0.0015483670867979527
0.004048013128340244
0.0024636657908558846
0.0011031528702005744
0.0005612432723864913
0.004120022989809513
0.006007401738315821
0.005602468736469746
0.0027901651337742805
0.00064586300868541
0.0003381878195796162
0.00487706670537591
0.005948393139988184
0.004741343203932047
0.004410814959555864
0.00568475341424346
0.0008341505308635533
0.007363604847341776
0.008195546455681324
0.0005096052191220224
0.003136478830128908
0.00570397125557065
0.0037008034996688366
0.003876609494909644
0.0035008685663342476
0.0010841850889846683
0.0007035064627416432
0.0013083843514323235
0.0007666805759072304
0.0020821986254304647
0.0010698381811380386
0.00032210489735007286
0.0052868942730128765
0.0011807727860286832
0.0013812322868034244
0.005307658109813929
0.002972082467749715
0.0007141898386180401
0.007087144069373608
0.003545134561136365
0.0020277570001780987
0.0024685426615178585
0.006807466968894005
0.001166268135420978
0.005532830022275448
0.0033703106455504894
0.0004338854050729424
0.0037342985160648823
0.003962603397667408
0.0034406392369419336
0.004220845177769661
0.004045223351567984
0.0016726673347875476
0.006240415386855602
0.0025002823676913977
0.006073939613997936
0.01108098030090332
0.009104033932089806
0.004709952510893345
0.006863251328468323
0.0023510344326496124
0.0030921148136258125
0.003720674430951476
0.005709225777536631
0.00035794571158476174
0.0031131128780543804
0.0023838309571146965
0.0052681658416986465
0.002845295239239931
0.0021768456790596247
0.006548999343067408
0.0073028369806706905
0.0005602223100140691
0.006563817150890827
0.006144208833575249
0.006987761706113815
0.0004938878118991852
0.0027482646983116865
0.001151757431216538
0.0033764562103897333
0.0007223036955110729
0.0011087802704423666
0.0017882219981402159
0.0033289301209151745
0.0020153122022747993
0.002082742052152753
0.005159403197467327
0.0021021233405917883
0.00476447818800807
0.0013832008698955178
0.004701878875494003
0.005125933792442083
0.006232905201613903
0.0026398724876344204
0.004758069757372141
0.0014031665632501245
0.0032121490221470594
0.003697980660945177
0.0010916535975411534
0.004047790076583624
0.005373637657612562
0.0038342380430549383
0.0006185994716361165
0.0005961356800980866
0.006617979146540165
0.0018121585017070174
0.0032030055299401283
0.002747528487816453
0.0032646157778799534
0.0045417617075145245
0.0013978019123896956
0.0017134346999228
0.0018877570983022451
0.0012413838412612677
0.003360911039635539
0.004268558695912361
0.001387495780363679
0.005515091121196747
0.0017231425736099482
0.003031448693946004
0.004645920358598232
0.004640981089323759
0.003614960238337517
0.0016173861222341657
0.0062149944715201855
0.0011985695455223322
0.003079731483012438
0.0006074552075006068
0.002829008037224412
0.0028361149597913027
0.0008304018410854042
0.003678402164950967
0.0077567980624735355
0.004410683177411556
0.006700544618070126
0.0021655249875038862
0.0007230118499137461
0.005636535119265318
0.0011523357825353742
0.0017221628222614527
0.0021313894540071487
0.0023485280107706785
0.006451359950006008
0.004933398682624102
0.002227240242063999
0.004617998376488686
0.001732666278257966
0.0038825629744678736
0.005282300058752298
0.005797171965241432
0.0024428607430309057
0.0019738092087209225
0.0027178956661373377
0.0030177822336554527
0.0009872963419184089
0.005193348508328199
0.0015521855093538761
0.0005792484153062105
0.002097987337037921
0.0027137934230268
0.0023420187644660473
0.0010251222411170602
0.004106901586055756
0.0038802700582891703
0.0015967804938554764
0.013483126647770405
0.0040999590419232845
0.0018839663825929165
0.003707131603732705
0.011929799802601337
0.0033866623416543007
0.0006955924327485263
0.005216605495661497
0.0051127211190760136
0.003080501686781645
0.00494640227407217
0.0007469721022062004
0.0017207989003509283
0.00449284166097641
0.0006623100489377975
0.00928815733641386
0.004403750412166119
0.0007630137261003256
0.0013653066707774997
0.004434241447597742
0.0007473730365745723
0.0016731835203245282
0.005380701739341021
0.004193232860416174
0.00401057256385684
0.0012247881386429071
0.004344541113823652
0.0051115029491484165
0.003806833876296878
0.0015339733799919486
0.004223663825541735
0.009129615500569344
0.0007211476913653314
0.0012990966206416488
0.005758943501859903
0.0027781780809164047
0.0041457596234977245
0.006014279089868069
0.0010280086426064372
0.002862777328118682
0.004140334203839302
0.0036267174873501062
0.004259924869984388
0.003786261659115553
0.0031497343443334103
0.0021731089800596237
0.002071292605251074
0.001164005370810628
0.0015789144672453403
0.005675950553268194
0.002158215269446373
0.0006473722169175744
0.005104418378323317
0.0029193470254540443
0.003617324400693178
0.00429145572707057
0.0034568568225950003
0.005249762907624245
0.002004918409511447
0.0038788607344031334
0.0033332870807498693
0.001339537207968533
0.0013664121506735682
0.0006940494058653712
0.0021691424772143364
0.0020175387617200613
0.005883564241230488
0.0006660506478510797
0.0006836573593318462
0.006230989936739206
0.0010849080281332135
0.005018622614443302
0.005509700160473585
0.0050268457271158695
0.0013350574299693108
0.0015206173993647099
0.0017829231219366193
0.0074949306435883045
0.007567774038761854
0.0010571161983534694
0.0038767948281019926
0.0011715013533830643
0.0007586185238324106
0.0075380560010671616
0.006216409616172314
0.005335123278200626
0.0012458347482606769
0.007431452162563801
0.0038711123634129763
0.005191965028643608
0.0025388768408447504
0.0029275917913764715
0.005613274872303009
0.00239974120631814
0.002343130065128207
0.003931432031095028
0.006948305759578943
0.0017209274228662252
0.008210953325033188
0.003424127819016576
0.007437328342348337
0.004174020607024431
0.002303454326465726
0.0032896592747420073
0.0020000170916318893
0.005273046437650919
0.0029990547336637974
0.0016494542360305786
0.0018881376599892974
0.005154822953045368
0.0023988457396626472
0.0014437889913097024
0.002396275755017996
0.0008653025142848492
0.0007070435676723719
0.0035745578352361917
0.006061813794076443
0.006138092838227749
0.002042151289060712
0.006624592933803797
0.005423095542937517
0.0014010792365297675
0.008500841446220875
0.001972923055291176
0.0011605670442804694
0.006133866962045431
0.001480413251556456
0.007409729994833469
0.0013484087539836764
0.0006171841523610055
0.0006106350920163095
0.0038192353677004576
0.004906870890408754
0.00038443959783762693
0.004531747195869684
0.003815897973254323
0.001285581849515438
0.006466989871114492
0.001393185812048614
0.0044544232077896595
0.002525582443922758
0.0012052663369104266
0.006714517716318369
0.004526324570178986
0.00033237773459404707
0.0010424730135127902
0.007405977230519056
0.0033104659523814917
0.0005216636345721781
0.002101915655657649
0.0013351127272471786
0.0015884345630183816
0.003073517233133316
0.0025968640111386776
0.007568595930933952
0.005189491901546717
0.004142662975937128
0.005799136124551296
0.00280404114164412
0.003593627130612731
0.0012713660253211856
0.006180345080792904
0.0044599962420761585
0.0016455434961244464
0.0007616910734213889
0.006508274935185909
0.001852217479608953
0.0026943888515233994
0.010629423893988132
0.0020772216375917196
0.0012277603382244706
0.0011408813297748566
0.0004907957627438009
0.0006733835907652974
0.0032883062958717346
0.0018971154931932688
0.0036779269576072693
0.005110830068588257
0.0035462628584355116
0.004280743654817343
0.002000040141865611
0.005239709280431271
0.007183045148849487
0.0055830758064985275
0.004456549417227507
0.009496307000517845
0.002929077949374914
0.007725930772721767
0.002310300013050437
0.003244238207116723
0.0036593882832676172
0.001321391318924725
0.0006933451513759792
0.003568727057427168
0.0014764061197638512
0.0055691152811050415
0.002229200443252921
0.005748402792960405
0.0021798722445964813
0.005806385539472103
0.0003693750477395952
0.0015366345178335905
0.004038215149194002
0.005520078353583813
0.0005699305911548436
0.0031845849007368088
0.003679936984553933
0.000794115592725575
0.006700359284877777
0.013394355773925781
0.0008007449214346707
0.0009718779474496841
0.0016088041011244059
0.0020524587016552687
0.0033955946564674377
0.008315986022353172
0.008459348231554031
0.005710621364414692
0.00044292525853961706
0.003805756801739335
0.006583590526133776
0.007359289564192295
0.004613072611391544
0.0039000308606773615
0.0036429641768336296
0.002572262194007635
0.005944757256656885
0.0007854358409531415
0.0075707342475652695
0.007742597721517086
0.0005383827956393361
0.0008224441553466022
0.0012854996602982283
0.0025638171937316656
0.005044254008680582
0.0034400152508169413
0.006309269927442074
0.0016500098863616586
0.0019155408954247832
0.0060398150235414505
0.0009620225173421204
0.005150450859218836
0.0027921716682612896
0.004091680981218815
0.0023187461774796247
0.000541366112884134
0.0021321363747119904
0.0014440481318160892
0.011746284551918507
0.004512216430157423
0.007462416309863329
0.0020204312168061733
0.0030980566516518593
0.0062895165756344795
0.007177420891821384
0.007190709467977285
0.0019648235756903887
0.002452739281579852
0.0015796521911397576
0.00118463474791497
0.005006447900086641
0.005161994136869907
0.003973932005465031
0.0023454546462744474
0.001408494426868856
0.001129455049522221
0.005000200122594833
0.0011848354479297996
0.0013307043118402362
0.005185473244637251
0.004602832719683647
0.0033903808798640966
0.0014569181948900223
0.004882267210632563
0.0017222778405994177
0.0049271369352936745
0.001230080146342516
0.0021653282456099987
0.005278060212731361
0.005904034245759249
0.0032626779284328222
0.0020817273762077093
0.003385741263628006
0.006661044433712959
0.003439844585955143
0.002440894488245249
0.0012597435852512717
0.0012150804977864027
0.002891843905672431
0.005104173440486193
0.0011053468333557248
0.005628000479191542
0.0007538023637607694
0.004951351787894964
0.004422429483383894
0.010823977179825306
0.008895311504602432
0.001017309259623289
0.003003513440489769
0.000993513036519289
0.0028884895145893097
0.002991247456520796
0.002703704871237278
0.0006106045912019908
0.000860606087371707
0.00334894354455173
0.0014397583436220884
0.00364536396227777
0.0004949001595377922
0.003927331883460283
0.004235215485095978
0.014018243178725243
0.0042001185938715935
0.004685436375439167
0.005216000135987997
0.005613334011286497
0.0038705344777554274
0.002812400460243225
0.0011418770300224423
0.0010669662151485682
0.0010881383204832673
0.0005582243902608752
0.0030153896659612656
0.0013692874927073717
0.004569679498672485
0.007033670321106911
0.003701642621308565
0.0023255888372659683
0.002852343488484621
0.0023929374292492867
0.00029971671756356955
0.0029574146028608084
0.0055957031436264515
0.00726819783449173
0.010068152099847794
0.0005538345430977643
0.008269515819847584
0.004855088423937559
0.0047593084163963795
0.0012490855297073722
0.0033079423010349274
0.0008714421419426799
0.0053027719259262085
0.0036139267031103373
0.006811302620917559
0.004898469429463148
0.00682083610445261
0.00180874764919281
0.00194484181702137
0.0013770932564511895
0.0024630543775856495
0.000740796618629247
0.005482896231114864
0.001533149043098092
0.0012293675681576133
0.0018692243611440063
0.0067460136488080025
0.0022041071206331253
0.0013612896436825395
0.010463017970323563
0.0019305797759443521
0.0026331159751862288
0.005539215635508299
0.00031405288609676063
0.007724819704890251
0.00127564393915236
0.002119676675647497
0.008602974005043507
0.0018922439776360989
0.005295805633068085
0.005570525769144297
0.002554476261138916
0.004665380343794823
0.002379027893766761
0.0029566301964223385
0.005031438544392586
0.002693307353183627
0.0031890140380710363
0.0012742570834234357
0.001212556380778551
0.006044252775609493
0.0030660408083349466
0.0004930873983539641
0.0021451704669743776
0.0005370491417124867
0.002833296312019229
0.004641787614673376
0.013926519080996513
0.0003990482946392149
0.0023879981599748135
0.005485039670020342
0.0020102031994611025
0.001539641642011702
0.004341815132647753
0.0012897015549242496
0.003879914293065667
0.0014481296529993415
0.007293755188584328
0.0012638478074222803
0.004337761085480452
0.004575625993311405
0.0008125276071950793
0.0009870242793112993
0.00030293845338746905
0.0020603444427251816
0.002993364352732897
0.002706265076994896
0.00033471055212430656
0.0010457283351570368
0.005065893288701773
0.000558964442461729
0.003688281401991844
0.00652364082634449
0.0004397665907163173
0.0020059687085449696
0.0014622419839724898
0.009308474138379097
0.001758572761900723
0.0016012354753911495
0.0009595491574145854
0.0028396407142281532
0.006983192637562752
0.002802242524921894
0.003509746165946126
0.0021989515516906977
0.003279077121987939
0.0009706427226774395
0.004882504232227802
0.0020187951158732176
0.0068113114684820175
0.00571853993460536
0.010396826080977917
0.0015995657304301858
0.0005497962702065706
0.0012955591082572937
0.0009668110869824886
0.004513392224907875
0.008656955324113369
0.0030779677908867598
0.004124738276004791
0.009343937039375305
0.0011717301094904542
0.0011525239096954465
0.00908966176211834
0.0026451426092535257
0.0037721036933362484
0.009439485147595406
0.006005032453685999
0.0006237982306629419
0.0021787858568131924
0.0018101563910022378
0.0029696442652493715
0.0016297512920573354
0.004073684569448233
0.008392649702727795
0.0026193743105977774
0.004908106289803982
0.004058125428855419
0.001909768208861351
0.014422954991459846
0.0029018367640674114
0.010146277956664562
0.00401101540774107
0.0035985985305160284
0.009464597329497337
0.018295222893357277
0.0022160669323056936
0.001119565567933023
0.001035572262480855
0.0037279617972671986
0.004247733391821384
0.0075399563647806644
0.003366486867889762
0.002225592965260148
0.0013559142826125026
0.004002557136118412
0.004834736697375774
0.002998854499310255
0.0015569970710203052
0.0013896781019866467
0.0028068076353520155
0.004794159904122353
0.005923532880842686
0.002132243011146784
0.00043184158857911825
0.00266753020696342
0.0038255148101598024
0.001392438425682485
0.004033908247947693
0.003337503643706441
0.002131139626726508
0.00510669220238924
0.0015336096985265613
0.008453256450593472
0.0037919743917882442
0.003232631366699934
0.004375281743705273
0.006422458682209253
0.0034383090678602457
0.00180884450674057
0.0020302794873714447
0.0014084738213568926
0.0015782598638907075
0.0032064386177808046
0.005067972932010889
0.0038027879782021046
0.008336981758475304
0.0042662350460886955
0.005028806626796722
0.0019920729100704193
0.0026800252962857485
0.004211114719510078
0.005355801898986101
0.0030889397021383047
0.001947583630681038
0.0040918816812336445
0.005153432488441467
0.001995277591049671
0.002713878871873021
0.0008589891949668527
0.0011583651648834348
0.0041704121977090836
0.0036089878994971514
0.0018045175820589066
0.0038669814821332693
0.005555494222790003
0.002194638829678297
0.0045335981994867325
0.0021611209958791733
0.005715233739465475
0.005609416868537664
0.006422865204513073
0.0019693386275321245
0.004423458594828844
0.004441470373421907
0.00420372886583209
0.005138501524925232
0.003354087006300688
0.006006683688610792
0.005738085601478815
0.0046492889523506165
0.0062241870909929276
0.002343233209103346
0.003715974511578679
0.0027883320581167936
0.0010424937354400754
0.004063813015818596
0.004246606957167387
0.0013338365824893117
0.003855863120406866
0.0024256808683276176
0.004472005646675825
0.004939025733619928
0.0015989640960469842
0.0014889832818880677
0.0029154035728424788
0.003657174063846469
0.0011492695193737745
0.0035749925300478935
0.005591620225459337
0.005417606793344021
0.001429327530786395
0.0010525266407057643
0.00554288923740387
0.004206609912216663
0.0076075345277786255
0.0069948709569871426
0.0036972297821193933
0.001312190666794777
0.005889844615012407
0.0007629607571288943
0.0015892439987510443
0.0012370612239465117
0.007609404157847166
0.0019657467491924763
0.0005161130684427917
0.0006054467521607876
0.0003767645685002208
0.0036812140606343746
0.0033925233874469995
0.003449975745752454
0.0009745251736603677
0.002983103971928358
0.0021488983184099197
0.003522994229570031
0.0005306602688506246
0.0018231456633657217
0.0052412343211472034
0.00582811888307333
0.006715087220072746
0.0030351602472364902
0.005741006229072809
0.0014075908111408353
0.004258905071765184
0.0015616571763530374
0.005591784603893757
0.0009639404597692192
0.0018359677633270621
0.002023591659963131
0.013412033207714558
0.0013017731253057718
0.004808688536286354
0.006604553200304508
0.0011566035682335496
0.0018880905117839575
0.0034403621684759855
0.00476945610716939
0.002941597020253539
0.0057571763172745705
0.008558934554457664
0.002448783488944173
0.0011793862795457244
0.0071453796699643135
0.001518212491646409
0.000932095164898783
0.00037176706246100366
0.0030050789937376976
0.001140490872785449
0.002567978110164404
0.0033481400460004807
0.006405701860785484
0.0011515164515003562
0.006939555052667856
0.005409973207861185
0.004269166849553585
0.0008000812376849353
0.0025961436331272125
0.0049485075287520885
0.0029990975745022297
0.0008904546266421676
0.004312681034207344
0.0011009987210854888
0.0010390334064140916
0.0050131711177527905
0.004193199332803488
0.00432736799120903
0.004893160425126553
0.004339790437370539
0.007152964826673269
0.0035537746734917164
0.0075335316359996796
0.0022378440480679274
0.003347942838445306
0.0011739551555365324
0.004199651535600424
0.0024873879738152027
0.004698558244854212
0.0031745065934956074
0.00854004267603159
0.002745165256783366
0.0013963269302621484
0.0015663006342947483
0.0005774215678684413
0.010092207230627537
0.00320513267070055
0.00039830553578212857
0.0027603842318058014
0.00028818208375014365
0.003384783398360014
0.0025144421961158514
0.0023666636552661657
0.0009055935661308467
0.003989474847912788
0.0007961765513755381
0.004003687761723995
0.0027188535314053297
0.0029428075067698956
0.0014320893678814173
0.00042698931065388024
0.003634947119280696
0.0033302803058177233
0.0035468356218189
0.0011256320867687464
0.0005273965653032064
0.0026432888116687536
0.0014161106664687395
0.0018163950880989432
0.0006285224808380008
0.003640214679762721
0.002591743366792798
0.0031096129678189754
0.00034931866684928536
0.0001274471724173054
0.006413744762539864
0.0015679296338930726
0.002064915606752038
0.00044174562208354473
0.0006204255041666329
0.004018398933112621
0.005635408218950033
0.005625229328870773
0.004267488140612841
0.002930284710600972
0.0020130821503698826
0.0014381898799911141
0.006413744762539864
0.0015679296338930726
0.002064915606752038
0.00044174562208354473
0.0006204255041666329
0.004018398933112621
0.005635408218950033
0.005625229328870773
0.004267488140612841
0.002930284710600972
0.0020130821503698826
0.0014381898799911141
0.004642362706363201
0.0013616032665595412
0.0038140721153467894
0.0020622871816158295
