0.21532627940177917
0.25637608766555786
0.1957710087299347
0.21962235867977142
0.23381152749061584
0.22341886162757874
0.21155333518981934
0.23614345490932465
0.21928630769252777
0.21744179725646973
0.21855634450912476
0.24204407632350922
0.23237140476703644
0.23273621499538422
0.21587535738945007
0.24701760709285736
0.22890333831310272
0.22483159601688385
0.2473161220550537
0.23070403933525085
0.2115374207496643
0.2092357575893402
0.2523060441017151
0.20853164792060852
0.22385352849960327
0.22020743787288666
0.2511139512062073
0.2114938646554947
0.21486790478229523
0.24311061203479767
0.19627703726291656
0.23031824827194214
0.22051078081130981
0.24711453914642334
0.22148704528808594
0.22333112359046936
0.24741928279399872
0.23153917491436005
0.23975154757499695
0.22459258139133453
0.2521248459815979
0.22460921108722687
0.22307704389095306
0.22533439099788666
0.24389974772930145
0.23545211553573608
0.22245599329471588
0.2585587203502655
0.21254241466522217
0.23302707076072693
0.2458420842885971
0.21559171378612518
0.20267240703105927
0.22819730639457703
0.2509407699108124
0.2398882359266281
0.23218931257724762
0.22388310730457306
0.23488491773605347
0.21831542253494263
0.2262900173664093
0.24695539474487305
0.22001519799232483
0.228927344083786
0.2383769154548645
0.22618110477924347
0.24125221371650696
0.21497219800949097
0.23886239528656006
0.22740210592746735
0.19909995794296265
0.21923425793647766
0.2441934198141098
0.2485688328742981
0.21461331844329834
0.23362332582473755
0.2578795850276947
0.22132311761379242
0.23028002679347992
0.23434586822986603
0.2410697638988495
0.22817599773406982
0.22073371708393097
0.24133655428886414
0.21614371240139008
0.22546683251857758
0.2304440289735794
0.22813092172145844
0.1946624368429184
0.2190379798412323
0.22900506854057312
0.22719991207122803
0.21365630626678467
0.22687102854251862
0.21492446959018707
0.21063022315502167
0.2141048163175583
0.2521762549877167
0.23186752200126648
0.2386629432439804
0.2304328829050064
0.21691478788852692
0.22235459089279175
0.23860183358192444
0.23311370611190796
0.22001342475414276
0.20881612598896027
0.24081219732761383
0.2009020745754242
0.20230118930339813
0.19823268055915833
0.2025611251592636
0.23035883903503418
0.22829806804656982
0.21202769875526428
0.20135827362537384
0.21648870408535004
0.21612372994422913
0.21467222273349762
0.23043182492256165
0.21548493206501007
0.23264934122562408
0.22907762229442596
0.22773826122283936
0.21378077566623688
0.22809942066669464
0.25050806999206543
0.24475692212581635
0.2143474966287613
0.21657705307006836
0.22179310023784637
0.21855874359607697
0.21865037083625793
0.24018634855747223
0.22060281038284302
0.24038155376911163
0.21719211339950562
0.2393171787261963
0.23676326870918274
0.249281644821167
0.21599015593528748
0.2187134474515915
0.22535385191440582
0.24055269360542297
0.2274649739265442
0.23712827265262604
0.23876571655273438
0.21812285482883453
0.2320438176393509
0.19535155594348907
0.23326635360717773
0.22683463990688324
0.2170223444700241
0.22892288863658905
0.21424001455307007
0.2171075940132141
0.18695320188999176
0.20979587733745575
0.21602769196033478
0.24169772863388062
0.22895121574401855
0.24751906096935272
0.2051132321357727
0.2620113790035248
0.21924352645874023
0.21385589241981506
0.20994725823402405
0.23753385245800018
0.2253626585006714
0.21406123042106628
0.21452546119689941
0.21503546833992004
0.25060099363327026
0.2651674449443817
0.20839352905750275
0.231378972530365
0.22401340305805206
0.24528296291828156
0.22892726957798004
0.23680932819843292
0.2242385596036911
0.21510173380374908
0.2142058163881302
0.19986207783222198
0.22484394907951355
0.2102198600769043
0.23413221538066864
0.23234865069389343
0.2638093829154968
0.21991771459579468
0.2146751582622528
0.21969810128211975
0.22682131826877594
0.2272682934999466
0.24497689306735992
0.22473378479480743
0.20093506574630737
0.21546193957328796
0.2165604531764984
0.24754919111728668
0.23547819256782532
0.2366127371788025
0.2090805172920227
0.21430085599422455
0.21775919198989868
0.22660525143146515
0.23184408247470856
0.23893703520298004
0.235008105635643
0.2523447275161743
0.2448531985282898
0.21347592771053314
0.23497140407562256
0.24011695384979248
0.21054784953594208
0.21736042201519012
0.22856613993644714
0.21509753167629242
0.23475034534931183
0.24848529696464539
0.21346868574619293
0.20447728037834167
0.23687471449375153
0.24249869585037231
0.20515330135822296
0.20744872093200684
0.20993834733963013
0.26512232422828674
0.2185305953025818
0.22965200245380402
0.24562641978263855
0.24146117269992828
0.21811755001544952
0.2382970005273819
0.2455117553472519
0.23816616833209991
0.2233535200357437
0.24962686002254486
0.2226734310388565
0.2150106430053711
0.24148404598236084
0.19953356683254242
0.24064472317695618
0.21184028685092926
0.24008552730083466
0.26137328147888184
0.21990729868412018
0.25394710898399353
0.21683955192565918
0.22404904663562775
0.21467971801757812
0.2046641856431961
0.23049315810203552
0.23217296600341797
0.2124042510986328
0.21941886842250824
0.21106380224227905
0.21992869675159454
0.21963872015476227
0.22438502311706543
0.21989212930202484
0.1984376162290573
0.24081115424633026
0.21425943076610565
0.20238380134105682
0.22265461087226868
0.21960970759391785
0.22485850751399994
0.21845801174640656
0.2167440503835678
0.22579243779182434
0.21823422610759735
0.2079034149646759
0.22063282132148743
0.2235632836818695
0.20630471408367157
0.23415297269821167
0.23892024159431458
0.23483121395111084
0.22988492250442505
0.2528061270713806
0.2097279280424118
0.21971304714679718
0.25115227699279785
0.2126879096031189
0.24973158538341522
0.2534199059009552
0.19485820829868317
0.26219412684440613
0.2189316302537918
0.24382731318473816
0.22177284955978394
0.23343925178050995
0.2285856455564499
0.21406392753124237
0.21745970845222473
0.22074246406555176
0.22536389529705048
0.23177793622016907
0.2277308851480484
0.2517267167568207
0.2193547934293747
0.21509908139705658
0.23599563539028168
0.21863442659378052
0.22061465680599213
0.23515792191028595
0.22799280285835266
0.22300143539905548
0.2272213250398636
0.20684312283992767
0.20949265360832214
0.20409022271633148
0.22552374005317688
0.2384863793849945
0.2286878526210785
0.22741378843784332
0.22228078544139862
0.23815776407718658
0.20228010416030884
0.21238663792610168
0.23268349468708038
0.20622682571411133
0.2443755716085434
0.23295514285564423
0.24249188601970673
0.23559008538722992
0.22825106978416443
0.22096575796604156
0.22532767057418823
0.21468009054660797
0.2375151365995407
0.22826345264911652
0.23915435373783112
0.23363368213176727
0.22659656405448914
0.24555596709251404
0.2072749137878418
0.23081602156162262
0.20591627061367035
0.2300378382205963
0.22177648544311523
0.22388955950737
0.25115975737571716
0.2555635869503021
0.2334541231393814
0.19941110908985138
0.22579410672187805
0.2257101833820343
0.2253565788269043
0.22858648002147675
0.25782108306884766
0.21067048609256744
0.23145724833011627
0.22668509185314178
0.231153666973114
0.2352205365896225
0.21443021297454834
0.20124146342277527
0.24782565236091614
0.2166312336921692
0.20789898931980133
0.21765848994255066
0.2194041758775711
0.2034844309091568
0.2313026785850525
0.22333091497421265
0.21850521862506866
0.23997147381305695
0.24688920378684998
0.21982397139072418
0.2727976441383362
0.23017971217632294
0.21432696282863617
0.2211843878030777
0.21790912747383118
0.22540150582790375
0.2417019158601761
0.23443001508712769
0.23599205911159515
0.2406085580587387
0.21526433527469635
0.24260205030441284
0.25914856791496277
0.24660828709602356
0.2490537464618683
0.21529801189899445
0.2113163322210312
0.23385724425315857
0.24110503494739532
0.22661449015140533
0.24827426671981812
0.20130665600299835
0.22357621788978577
0.22273261845111847
0.20886223018169403
0.22553685307502747
0.22142042219638824
0.24208657443523407
0.23677510023117065
0.22366468608379364
0.24133281409740448
0.21173976361751556
0.2412278652191162
0.20126941800117493
0.21856677532196045
0.22782008349895477
0.22134162485599518
0.23296664655208588
0.2325739562511444
0.25298553705215454
0.2316218465566635
0.1976172775030136
0.23751676082611084
0.22105547785758972
0.23617522418498993
0.21950608491897583
0.2606505751609802
0.2547297179698944
0.19517302513122559
0.24709771573543549
0.21322476863861084
0.21126577258110046
0.2269069403409958
0.2075456827878952
0.2298753261566162
0.24125473201274872
0.23277392983436584
0.23473741114139557
0.2136409729719162
0.23681524395942688
0.211598739027977
0.26407432556152344
0.24566708505153656
0.22561891376972198
0.21096226572990417
0.23342667520046234
0.2551715075969696
0.2119341790676117
0.21224744617938995
0.19595201313495636
0.22013196349143982
0.23458130657672882
0.23606154322624207
0.22799056768417358
0.21808239817619324
0.22513984143733978
0.21967178583145142
0.23662805557250977
0.22361968457698822
0.22016340494155884
0.22315242886543274
0.23179544508457184
0.24043838679790497
0.26348450779914856
0.22269290685653687
0.22482308745384216
0.22770753502845764
0.2103402316570282
0.22976689040660858
0.2226497083902359
0.22028414905071259
0.20796123147010803
0.22307200729846954
0.24088022112846375
0.2508183717727661
0.2358514666557312
0.2194424420595169
0.21808044612407684
0.18956027925014496
0.21272525191307068
0.22285857796669006
0.2230844795703888
0.2167540192604065
0.2293935865163803
0.2151171863079071
0.2129412740468979
0.21554496884346008
0.25009390711784363
0.2263166755437851
0.21515685319900513
0.21896545588970184
0.22682826220989227
0.2490244060754776
0.19601970911026
0.25095993280410767
0.2147616595029831
0.20546840131282806
0.24825885891914368
0.21301977336406708
0.20443181693553925
0.23270152509212494
0.21505826711654663
0.22134333848953247
0.22854529321193695
0.23495729267597198
0.23401668667793274
0.19312609732151031
0.2160177379846573
0.21886295080184937
0.25033608078956604
0.2229398638010025
0.22536873817443848
0.22644291818141937
0.2346256971359253
0.24435673654079437
0.2379269301891327
0.2426762580871582
0.228694885969162
0.24307650327682495
0.20410743355751038
0.21731147170066833
0.2463916540145874
0.21656514704227448
0.21291835606098175
0.23655341565608978
0.24936915934085846
0.21552951633930206
0.2040444165468216
0.2292899787425995
0.24107974767684937
0.22578758001327515
0.2163727730512619
0.20739299058914185
0.24102471768856049
0.21595080196857452
0.23373790085315704
0.20443789660930634
0.21335087716579437
0.2375602275133133
0.21640174090862274
0.23362503945827484
0.22139699757099152
0.22682586312294006
0.24328628182411194
0.21733878552913666
0.2340756207704544
0.2106437087059021
0.23617874085903168
0.23796546459197998
0.2470899522304535
0.2251608818769455
0.23368333280086517
0.24421149492263794
0.25050264596939087
0.20204703509807587
0.22884802520275116
0.22962257266044617
0.21553751826286316
0.2227068543434143
0.22599609196186066
0.19924424588680267
0.20829688012599945
0.22856742143630981
0.1982400268316269
0.22652581334114075
0.22901463508605957
0.24286288022994995
0.22500769793987274
0.20731264352798462
0.2138526886701584
0.23526717722415924
0.21182669699192047
0.2099267840385437
0.23596113920211792
0.23179946839809418
0.233339324593544
0.18530526757240295
0.20441287755966187
0.24207282066345215
0.2223825454711914
0.24022777378559113
0.21936064958572388
0.22640536725521088
0.23532316088676453
0.2519553005695343
0.2246847152709961
0.23674947023391724
0.21475882828235626
0.22370757162570953
0.23283962905406952
0.24332772195339203
0.2384357452392578
0.24479909241199493
0.22350719571113586
0.2161862552165985
0.22700177133083344
0.2576131522655487
0.23844771087169647
0.22879520058631897
0.207686185836792
0.23274224996566772
0.24115824699401855
0.23116806149482727
0.21716856956481934
0.21754606068134308
0.23250262439250946
0.21854335069656372
0.2477244883775711
0.20425346493721008
0.22579406201839447
0.24010661244392395
0.24728785455226898
0.22792308032512665
0.2223356068134308
0.23119613528251648
0.22205926477909088
0.2273893654346466
0.19330355525016785
0.22311292588710785
0.2202451080083847
0.21365724503993988
0.21261107921600342
0.225924551486969
0.21772462129592896
0.22984328866004944
0.17061668634414673
0.2425491213798523
0.23008322715759277
0.25134867429733276
0.21518439054489136
0.2039695531129837
0.2129208743572235
0.27375346422195435
0.22275809943675995
0.2579672634601593
0.20160222053527832
0.22732803225517273
0.2211102396249771
0.2165936976671219
0.20551592111587524
0.23691801726818085
0.22252902388572693
0.2640097439289093
0.2154967188835144
0.22813060879707336
0.231208935379982
0.22611390054225922
0.22785261273384094
0.21449653804302216
0.20625300705432892
0.21188341081142426
0.23978453874588013
0.2336309254169464
0.22478263080120087
0.22037982940673828
0.2070842832326889
0.2329280823469162
0.20656085014343262
0.2454984188079834
0.2427424192428589
0.19804050028324127
0.24829444289207458
0.23364309966564178
0.21329650282859802
0.2278042584657669
0.2240452915430069
0.21553203463554382
0.23406550288200378
0.22263698279857635
0.2547626197338104
0.21890348196029663
0.22489237785339355
0.23089297115802765
0.21502257883548737
0.24892018735408783
0.23592160642147064
0.21335966885089874
0.22677960991859436
0.23062348365783691
0.23270274698734283
0.2307053506374359
0.20965875685214996
0.22349774837493896
0.2464321404695511
0.24425214529037476
0.2237841933965683
0.24158316850662231
0.21906349062919617
0.2149585485458374
0.2194720357656479
0.22978787124156952
0.22634485363960266
0.21695981919765472
0.24748429656028748
0.2176978588104248
0.22319132089614868
0.20447289943695068
0.2176837921142578
0.2343059629201889
0.22951427102088928
0.21443238854408264
0.24100245535373688
0.220280721783638
0.21863876283168793
0.23101742565631866
0.25673598051071167
0.23446308076381683
0.22910277545452118
0.249917134642601
0.23118163645267487
0.22855916619300842
0.20689328014850616
0.22762520611286163
0.200894296169281
0.23723071813583374
0.23454362154006958
0.2303522676229477
0.2321787178516388
0.20281989872455597
0.2261221706867218
0.23694446682929993
0.2300182729959488
0.20550021529197693
0.2620570659637451
0.21664650738239288
0.24205604195594788
0.25776228308677673
0.2221258282661438
0.23028098046779633
0.25029483437538147
0.2312130331993103
0.23967057466506958
0.23167389631271362
0.23683439195156097
0.22226054966449738
0.249469593167305
0.22651544213294983
0.23619429767131805
0.23506437242031097
0.20884929597377777
0.22423413395881653
0.21113765239715576
0.23332597315311432
0.2395811527967453
0.22822144627571106
0.22796791791915894
0.2084270417690277
0.20780564844608307
0.22603356838226318
0.24866001307964325
0.22290253639221191
0.24267996847629547
0.22929957509040833
0.22194045782089233
0.23214499652385712
0.2326919287443161
0.24583150446414948
0.21877449750900269
0.22622008621692657
0.2108423113822937
0.24677008390426636
0.2420932948589325
0.20840637385845184
0.2399333119392395
0.2276252657175064
0.2372489869594574
0.23082825541496277
0.24333752691745758
0.23475708067417145
0.22894610464572906
0.21306510269641876
0.22654730081558228
0.21165421605110168
0.23735454678535461
0.24855583906173706
0.22672423720359802
0.22227191925048828
0.2463981807231903
0.22583739459514618
0.22265063226222992
0.23600752651691437
0.2222323715686798
0.22428613901138306
0.23212814331054688
0.23270124197006226
0.23130889236927032
0.20548325777053833
0.2271595001220703
0.21219280362129211
0.21587225794792175
0.21070551872253418
0.2176913470029831
0.25696930289268494
0.20975345373153687
0.23130366206169128
0.25021204352378845
0.2334577888250351
0.22520019114017487
0.21843481063842773
0.201741024851799
0.2366856187582016
0.2420506477355957
0.24002212285995483
0.23235198855400085
0.2307056337594986
0.1992923468351364
0.2505168616771698
0.2150968462228775
0.25490036606788635
0.2308029681444168
0.24703390896320343
0.24123260378837585
0.21293681859970093
0.20057407021522522
0.21478897333145142
0.22306545078754425
0.22971190512180328
0.22104468941688538
0.20152729749679565
0.24452239274978638
0.21520012617111206
0.22637633979320526
0.225228950381279
0.24501895904541016
0.23029150068759918
0.23280130326747894
0.20378196239471436
0.229874849319458
0.2203254997730255
0.21080224215984344
0.2209138423204422
0.22755898535251617
0.22283950448036194
0.20870518684387207
0.2354467660188675
0.22532081604003906
0.2322760373353958
0.215582475066185
0.2377210408449173
0.2331930547952652
0.2472822517156601
0.24930140376091003
0.22260862588882446
0.23751793801784515
0.21492306888103485
0.2179863452911377
0.25890448689460754
0.22311308979988098
0.2251235544681549
0.22847887873649597
0.22451311349868774
0.22969752550125122
0.22045373916625977
0.19906918704509735
0.24573452770709991
0.23877303302288055
0.21875153481960297
0.25169315934181213
0.21606212854385376
0.22464649379253387
0.20900505781173706
0.2517915964126587
0.2155688852071762
0.230356827378273
0.2238408625125885
0.20862573385238647
0.22167859971523285
0.23319953680038452
0.24040810763835907
0.2245303988456726
0.23774711787700653
0.25408047437667847
0.22996953129768372
0.23679055273532867
0.24078337848186493
0.23651252686977386
0.2287636548280716
0.24211131036281586
0.22374992072582245
0.19792968034744263
0.24128273129463196
0.20020069181919098
0.20552226901054382
0.21268969774246216
0.22672827541828156
0.19759246706962585
0.22073602676391602
0.2139686942100525
0.2269868105649948
0.21878927946090698
0.23314601182937622
0.23157943785190582
0.23887676000595093
0.21736697852611542
0.2207999974489212
0.2345525473356247
0.21004986763000488
0.2471160888671875
0.22127167880535126
0.23539958894252777
0.22516454756259918
0.2466089427471161
0.21710678935050964
0.1989392638206482
0.22911947965621948
0.22295331954956055
0.23942236602306366
0.24784274399280548
0.21853820979595184
0.22630394995212555
0.2471306025981903
0.2410409301519394
0.23361080884933472
0.22247709333896637
0.24065396189689636
0.21833324432373047
0.24095480144023895
0.24557195603847504
0.2457779496908188
0.21281245350837708
0.23667684197425842
0.23840846121311188
0.22958266735076904
0.22945241630077362
0.254275381565094
0.2316066175699234
0.22361302375793457
0.20615386962890625
0.21199555695056915
0.2257138043642044
0.2486916482448578
0.23080508410930634
0.2466018944978714
0.23263898491859436
0.23689456284046173
0.21311183273792267
0.2483539879322052
0.23289519548416138
0.23611566424369812
0.21280309557914734
0.22118017077445984
0.21987931430339813
0.22071324288845062
0.23613640666007996
0.20810188353061676
0.21962924301624298
0.2265724539756775
0.24401570856571198
0.256162166595459
0.2047155201435089
0.21719253063201904
0.20727548003196716
0.22218026220798492
0.18675847351551056
0.200005903840065
0.20670713484287262
0.19248712062835693
0.19609485566616058
0.2176840603351593
0.22903238236904144
0.2446933090686798
0.25767645239830017
0.23226816952228546
0.22371070086956024
0.23442018032073975
0.2003498077392578
0.22815163433551788
0.25155922770500183
0.22576814889907837
0.22379589080810547
0.23318177461624146
0.20639699697494507
0.22476929426193237
0.224628284573555
0.23058947920799255
0.2414071261882782
0.19591529667377472
0.2302621752023697
0.21045053005218506
0.23597878217697144
0.22218461334705353
0.23070234060287476
0.2485966682434082
