$ 1 0.000005 10.20027730826997 50 5 43 5e-11
g -176 144 -176 176 0 0
160 -160 -16 -96 -16 0 20 10000000000
s -160 64 -112 64 0 1 false
v -400 -48 -400 16 0 1 50 240 0 0 0.5
w -160 -16 -160 -96 0
s -176 144 -128 144 0 1 false
x -162 161 -138 164 4 12 door
x -163 97 -139 100 4 12 door
x -171 2 -147 5 4 12 door
x -396 24 -388 27 4 12 N
x -386 -39 -378 -36 4 12 A
w -400 16 -400 64 0
w -224 64 -160 64 0
w -96 0 -32 0 0
x -73 21 -46 24 4 12 gy,\sw
x -134 -46 -108 -43 4 12 open
w -128 144 -128 208 0
b -143 189 -102 260 0
w -128 240 -64 240 0
g -64 240 -64 272 0 0
x -140 278 -116 281 4 12 CN1
178 192 128 240 128 6 1 0.2 0 0.05 1000000 0.02 20 0.015 0.005 0
x 180 182 258 185 4 10 Brown/Magnetron
x 779 188 879 191 4 10 White/Light\aTurnTable
x 455 189 495 192 4 10 Blue/Grill
178 464 128 512 128 6 1 0.2 0 0.05 1000000 0.02 20 0.015 0.005 0
w 192 128 144 128 0
w 240 112 288 112 0
x 164 121 174 124 4 12 br
x 265 101 277 104 4 12 bk
r 384 176 384 272 0 65
w 384 176 384 144 0
x 441 120 451 123 4 12 or
w 512 112 544 112 0
w 544 112 544 48 0
w 528 112 528 320 0
w 544 48 544 32 0
x 555 49 558 52 4 12 r
x 536 143 548 146 4 12 bk
x 870 129 882 132 4 12 bk
x 167 390 177 393 4 12 or
x 766 112 776 115 4 12 br
x 732 145 735 148 4 12 r
404 112 368 160 368 0 0.0613 6.73 0 false
w 112 368 112 400 0
w 160 368 160 400 0
x 92 386 104 389 4 12 bk
x 868 367 878 370 4 12 or
b 217 -260 98 -221 0
w 128 -240 128 -176 0
w 160 -240 160 -176 0
w 192 -240 192 -176 0
x 111 -188 120 -185 4 12 bl
x 146 -188 154 -185 4 12 w
x 201 -187 211 -184 4 12 br
b 372 -257 301 -218 0
w 320 -240 320 -176 0
w 352 -240 352 -176 0
w -48 -304 -48 -240 0
w -80 -304 -80 -240 0
b -25 -318 -96 -279 0
x -65 -338 -24 -335 4 24 Fan
w -400 -48 -400 -224 0
w -80 -224 -224 -224 0
w -80 -240 -80 -224 0
w -48 -240 -48 -176 0
w -48 -176 128 -176 0
x 154 -268 179 -265 4 12 CNA
T 96 -96 160 -16 8 4 1 0 0 0.999
w 160 -176 160 -96 0
w 224 -96 160 -96 0
x 185 -102 197 -99 4 12 gy
x 87 19 256 22 4 24 HV\sTransformer
x 111 -78 151 -75 4 12 primary
x 300 -188 312 -185 4 12 bk
x 362 -189 370 -186 4 12 w
x -86 225 -73 228 4 12 gn
x -113 157 -110 160 4 12 r
b -23 -127 -206 248 0
w -400 64 -336 64 0
w -400 -224 -336 -224 0
x 103 348 179 351 4 24 8A(FS)
w 96 -96 64 -96 0
w 64 128 144 128 0
x 89 -103 99 -100 4 12 br
x 400 261 463 264 4 24 Griller
x 327 -270 352 -267 4 12 CNC
x -36 -268 -11 -265 4 12 CNB
x 519 -270 545 -267 4 12 Light
x 554 -189 566 -186 4 12 bk
x 492 -188 500 -185 4 12 w
w 544 -240 544 -176 0
w 512 -240 512 -176 0
b 564 -257 493 -218 0
w 352 -176 512 -176 0
w 320 -176 320 -160 0
w 320 -160 544 -160 0
w 544 -160 544 -176 0
w 192 -176 192 -128 0
w 192 -128 544 -128 0
w 64 -96 64 128 0
s -336 64 -288 64 0 1 false
w -288 64 -224 64 0
w -112 64 -96 64 0
w -96 64 -96 32 0
w -192 32 -96 32 0
w -192 32 -192 -96 0
w -192 -96 -160 -96 0
x -362 91 -219 94 4 12 Thermal\sCutout\s(Chamber)
x -74 -11 -46 -8 4 12 close
w -96 -32 48 -32 0
w 48 -32 48 144 0
w 48 192 80 192 0
w 288 112 288 192 0
w 80 192 288 192 0
w -32 0 0 0 0
w 0 0 0 272 0
w 224 -96 320 -96 0
w 320 -96 320 272 0
w 720 128 800 128 0
178 800 128 848 128 6 1 0.2 0 0.05 1000000 0.02 20 0.015 0.005 0
w 0 272 384 272 0
w 384 144 384 128 0
w 384 128 464 128 0
w 752 128 752 96 0
w 544 -128 656 -128 0
w 656 -128 752 -128 0
w 752 -128 752 96 0
s 688 208 688 176 0 1 false
w 688 128 720 128 0
w 688 224 688 272 0
w 688 128 688 176 0
x 562 217 674 220 4 12 Mag\sThermal\sCutOut
x 712 279 728 282 4 24 A
x 588 4 589 7 4 12 \0
x 515 -59 620 -56 4 24 TurnTable
b 559 -51 488 -12 0
w 544 -32 544 32 0
w 512 -32 512 32 0
w 512 32 320 32 0
w 896 112 896 320 0
w 528 320 896 320 0
x -82 -51 -50 -48 4 12 bk,\sbk
x 379 289 387 292 4 12 w
x 234 259 246 262 4 12 gy
w 848 112 896 112 0
w 160 400 896 400 0
w 896 400 896 320 0
w 48 144 48 192 0
w 48 192 48 400 0
w 48 400 112 400 0
w 160 -144 64 -144 0
w 64 -144 -256 -144 0
w -256 -144 -256 64 0
x -182 -81 -174 -78 4 12 w
x 295 348 536 351 4 18 All\sRelays\sare\s\sNormally\sOpen
x -222 -236 -206 -233 4 24 A
x -92 -251 -89 -248 4 12 r
x -345 -254 -233 -251 4 12 Mag\sThermal\sCutOut
x 55 -345 677 -342 4 36 Miele\sMicrowave\sOven\sWiring\sDiagram
